%YAML:1.0
---
model_type: PINHOLE
camera_name: camera
image_width: 640
image_height: 480
distortion_parameters:
   k1: 0.0
   k2: 0.0
   p1: 0.0
   p2: 0.0
projection_parameters:
   fx: 383.42547607421875
   fy: 383.42547607421875
   cx: 315.78375244140625
   cy: 236.89093017578125
